2 0.1787109375 0.20179687500000001 0.2294921875 0.208203125 0.2568359375 0.2498437484375 0.3505859375 0.22101562343749998 0.3554687484375 0.052851559375 0.3251953140625 0 0.2333984390625 0.003203125 0.033203125 0.16496093750000002 0.0566406234375 0.9913671890625 0.2763671875 0.9897656234375001 0.279296875 0.9080859374999999 0.205078125 0.4276171890625 0.142578125 0.360351559375 0.1347656234375 0.2962890625 0.1503906234375 0.232226559375 0.1787109375 0.20179687500000001
2 0.4628906234375 0.4436328109375 0.4902343765625 0.5813671890625 0.4921874984375 0.715898440625 0.5214843765625 0.8023828109375 0.5253906234375 0.8664453140624999 0.5537109375 0.848828125 0.5888671875 0.8648437484375 0.6025390625 0.9641406234375 0.6767578125 0.9545312515625 0.6679687484375 0.48207031406249995 0.6181640625 0.4804687484375 0.5898437484375 0.4244140625 0.595703125 0.3251171890625 0.642578125 0.2866796859375 0.642578125 0.206601559375 0.6660156234375 0.14253906249999998 0.6679687484375 0.0176171890625 0.4111328125 0 0.3984374984375 0.0208203140625 0.4277343765625 0.052851559375 0.435546875 0.1169140625 0.4130859375 0.17296874843750001 0.3759765609375 0.179375 0.375 0.2162109375 0.4326171875 0.1985937484375 0.4492187484375 0.2258203140625 0.4628906234375 0.4436328109375
5 0.7402343765625 0.18097655937499998 0.748046875 0.2738671890625 0.763671875 0.2962890625 0.7470703140625 0.2978906234375 0.7412109375 0.333125 0.673828125 0.3443359375 0.6835937484375 0.9625390625 0.7255859375 0.9961718749999999 0.9482421875 0.9961718749999999 0.9648437484375 0.0592578109375 0.9150390625 0.0352343765625 0.6943359375 0.0192187484375 0.6796874984375 0.1393359375 0.7402343765625 0.18097655937499998
11 0.4541015609375 0.7591406234375 0.4941406234375 0.7511328109375001 0.484375 0.6518359375 0.4746093765625 0.639023440625 0.484375 0.5749609375 0.4570312515625 0.4212109375 0.4453125015625 0.2194140625 0.4169921875 0.20179687500000001 0.3740234390625 0.230625 0.2597656234375 0.2610546859375 0.2539062515625 0.360351559375 0.2119140625 0.41 0.2070312515625 0.437226559375 0.294921875 0.9817578109375 0.4404296859375 0.9577343765625 0.4179687484375 0.872851559375 0.421875 0.8055859375000001 0.4541015609375 0.7591406234375
8 0.5214843765625 0.872851559375 0.5195312515625 0.8055859375000001 0.513671875 0.7863671890624999 0.4951171875 0.7623437484375 0.4677734390625 0.7591406234375 0.4501953140625 0.76875 0.4414062515625 0.7799609375000001 0.423828125 0.818398440625 0.421875 0.8344140624999999 0.423828125 0.895273440625 0.4345703140625 0.9160937484374999 0.4501953140625 0.935312503125 0.4580078125 0.9385156234375 0.4912109375 0.935312503125 0.5097656234375 0.9080859374999999 0.5214843765625 0.872851559375
3 0.2392578125 0.384375 0.2539062515625 0.3539453140625 0.2597656234375 0.3219140625 0.2597656234375 0.2770703140625 0.2460937484375 0.23542968593750002 0.2275390625 0.2114062515625 0.2138671875 0.205 0.1748046859375 0.208203125 0.1630859375 0.217812503125 0.1484374984375 0.24183593750000001 0.138671875 0.2770703140625 0.1367187484375 0.3219140625 0.140625 0.3475390625 0.1611328125 0.384375 0.1806640625 0.4003906234375 0.1904296859375 0.40679687500000006 0.2060546859375 0.40679687500000006 0.2275390625 0.397187496875 0.2392578125 0.384375
8 0.546875 0.2898828109375 0.548828125 0.24183593750000001 0.544921875 0.2194140625 0.5371093765625 0.2001953140625 0.5263671875 0.1857812515625 0.5107421875 0.179375 0.4892578125 0.18257812499999998 0.4775390625 0.192187496875 0.4589843765625 0.22902344062500002 0.4570312515625 0.25464844062499997 0.4628906234375 0.2930859375 0.4814453140625 0.3267187484375 0.4931640625 0.336328125 0.5146484390625 0.336328125 0.5283203140625 0.3267187484375 0.5410156234375 0.309101559375 0.546875 0.2898828109375
9 0.8222656234375 0.3667578109375 0.8222656234375 0.331523440625 0.814453125 0.2994921890625 0.8037109375 0.281875 0.7841796859375 0.269062503125 0.7646484390625 0.2722656234375 0.7509765609375 0.281875 0.734375 0.3123046859375 0.732421875 0.3731640625 0.7421874984375 0.4051953140625 0.7548828125 0.422812503125 0.7685546859375 0.432421875 0.7919921875 0.432421875 0.8037109375 0.422812503125 0.8183593765625 0.39558593750000004 0.8222656234375 0.3667578109375
3 0.8125 0.8119921890624999 0.826171875 0.7639453140625 0.828125 0.7319140625 0.8203125015625 0.690273440625 0.8076171875 0.66625 0.7919921875 0.653437496875 0.7763671875 0.6502343765624999 0.7548828125 0.663046875 0.7470703140625 0.663046875 0.7304687484375 0.6870703140625001 0.7226562515625 0.7126953140625 0.7226562515625 0.770351559375 0.7265625015625 0.7895703140625 0.7451171875 0.82 0.7646484390625 0.8360156234374999 0.7802734390625 0.8360156234374999 0.7958984390625 0.8296093765625001 0.8125 0.8119921890624999
0 0.607421875 0.5845703140625 0.5996093765625 0.5525390625 0.5869140625 0.534921875 0.5595703140625 0.5317187484375 0.5419921875 0.5477343765625 0.53125 0.5749609375 0.529296875 0.6230078109375 0.5351562515625 0.642226559375 0.5537109375 0.669453125 0.5615234390625 0.6726562515625 0.5849609375 0.669453125 0.5996093765625 0.6486328109375 0.6054687484375 0.6262109375 0.607421875 0.5845703140625
0 0.7285156234375 0.690273440625 0.7304687484375 0.6774609375 0.7285156234375 0.639023440625 0.7226562515625 0.6198046859375 0.7080078125 0.5989843765625 0.6904296859375 0.5957812515625001 0.673828125 0.6069921890625001 0.671875 0.6198046859375 0.673828125 0.6230078109375 0.673828125 0.6710546859375001 0.6777343765625 0.7287109375 0.6806640625 0.7335156234375 0.7041015609375 0.7335156234375 0.720703125 0.7126953140625 0.7285156234375 0.690273440625
8 0.595703125 0.9657421890625001 0.6015625015625 0.9401171890625 0.6015625015625 0.9048828109375 0.595703125 0.8824609375 0.5830078125 0.8616406234375 0.5693359375 0.8520312515624999 0.5537109375 0.8520312515624999 0.5380859375 0.8584374968749999 0.515625 0.8920703140624999 0.513671875 0.8984765593749999 0.513671875 0.9561328109374999 0.5195312515625 0.9785546859375 0.5302734390625 0.9929687484375 0.5380859375 0.999375 0.5712890625 0.999375 0.5830078125 0.9897656234375001 0.595703125 0.9657421890625001
3 0.673828125 0.4404296859375 0.673828125 0.3763671890625 0.669921875 0.360351559375 0.669921875 0.334726559375 0.6513671875 0.3010937484375 0.6298828125 0.2978906234375 0.6123046859375 0.3075 0.5996093765625 0.3283203140625 0.59375 0.3507421890625 0.591796875 0.36996093750000003 0.59375 0.41800781093749995 0.6035156234375 0.44683593750000006 0.6181640625 0.4772656234375 0.6337890625 0.48367187500000003 0.6533203140625 0.48367187500000003 0.669921875 0.46925781093749996 0.673828125 0.4404296859375
3 0.748046875 0.2674609375 0.748046875 0.2162109375 0.7421874984375 0.1905859375 0.7255859375 0.1601562515625 0.7080078125 0.1473437484375 0.6845703140625 0.1473437484375 0.6689453140625 0.156953125 0.6464843765625 0.2001953140625 0.6445312515625 0.2642578109375 0.65625 0.2994921890625 0.6748046859375 0.3267187484375 0.6826171875 0.333125 0.7158203140625 0.32992187500000003 0.7236328125 0.3235156234375 0.7421874984375 0.2930859375 0.748046875 0.2674609375