9 0.26832531249999997 0.8174447875 0.2808994375 0.82057986875 0.323945465625 0.8174917578124999 0.3614408765625 0.7852678328125 0.3956414953125 0.730163709375 0.40585976874999996 0.6960323796875 0.40997340624999995 0.6092053921875 0.39656026875 0.54902949375 0.3732883125 0.5038448375 0.3399150640625 0.47711905468750004 0.2870666671875 0.47690811875000005 0.2500562125 0.50219678125 0.21609807343749998 0.553833278125 0.204896478125 0.5920759390625 0.19770041249999998 0.6209377859375 0.1934877359375 0.68118188125 0.2049525078125 0.7412215328125 0.23894474375 0.8010941718750001 0.26832531249999997 0.8174447875
9 0.428696278125 0.660891659375 0.42445481249999994 0.709371834375 0.4444946609375 0.7261007 0.44769520468749996 0.7268986859375001 0.48273807656249995 0.7266837765624999 0.50535254375 0.7147047828125 0.5434921546875 0.6709349953125 0.5622623546875001 0.6132577921875 0.55846520625 0.5222018171875 0.5303233359374999 0.45169689999999996 0.486353365625 0.41644564375000004 0.4474395140625 0.413041121875 0.420933659375 0.424679665625 0.3976257484375 0.45578955312499997 0.384216878125 0.48643722812499995 0.382620878125 0.49283843125000004 0.3808012390625 0.5136369859375 0.4145647421875 0.5759102921875 0.4261917796875 0.6222894109375 0.428696278125 0.660891659375
9 0.11852130937500001 0.7049633562500001 0.14578238125 0.7128160484375 0.1637466859375 0.717295053125 0.208969634375 0.695780084375 0.2165851171875 0.569127515625 0.22852045781250002 0.527982603125 0.2605060515625 0.4774458828125 0.2578786296875 0.4529421078125 0.2375406109375 0.41184625781250006 0.20211941718749998 0.37866210312500004 0.1494573125 0.37590219999999996 0.10899294687500001 0.40162848906250004 0.082520209375 0.4402710953125 0.06720549218750001 0.48553732343749995 0.06360361249999999 0.49998367187500004 0.0584168765625 0.564319134375 0.06562216875 0.6134289015625 0.0783403203125 0.650644546875 0.11852130937500001 0.7049633562500001
9 0.26227405625 0.48259694375000006 0.3139101515625 0.47647674999999995 0.3581634609375 0.49711240781250005 0.3741726140625 0.4604699265625 0.3814816359375 0.421688240625 0.37948839218749997 0.37281565781250003 0.36468890468750004 0.33523095 0.3481555703125 0.3198504359375 0.318063321875 0.3058181921875 0.2924145453125 0.305364315625 0.246162609375 0.325986625 0.2224942828125 0.3471102046875 0.21851274843750002 0.36307926875 0.2456693359375 0.38712379375 0.2586986890625 0.423883075 0.261430196875 0.48238654687500004 0.26227405625 0.48259694375000006
9 0.589382115625 0.3503297265625 0.5708447171875 0.313575246875 0.5322350171875 0.286099990625 0.4982407359375 0.2882856171875 0.45518308906250005 0.31901440625 0.4161734015625 0.3654603375 0.3972360171875 0.402627046875 0.396549628125 0.42763586093750006 0.4347918609375 0.404206784375 0.45676654687499996 0.399798184375 0.48080574374999996 0.4042441375 0.508811828125 0.4224152640625 0.5306675828125 0.456959225 0.5387256890625001 0.5305897374999999 0.5392593515625 0.5307227953125 0.5630458890625001 0.4988153421875 0.5833992578125 0.45456748593749996 0.5947271234375 0.3979182765625 0.589382115625 0.3503297265625
9 0.5532197140624999 0.3176795984375 0.55943075625 0.310932275 0.5593629640625 0.29187677968750003 0.5504234484375 0.2327232484375 0.5400204578125 0.21287128593750002 0.500025728125 0.1874543578125 0.47935533125 0.1858614296875 0.45124523906249997 0.1961763859375 0.4102252375 0.23308651249999998 0.39534585 0.25690228125000003 0.3706372625 0.3220025546875 0.37366835468750004 0.37281789375 0.3698649875 0.40537009218750003 0.37149793125 0.42287148906249994 0.37754962187499996 0.4243803453125 0.42059678125 0.344245965625 0.4726250140625 0.2970167703125 0.5096564453125 0.290673853125 0.5532197140624999 0.3176795984375
9 0.1302075515625 0.37720404531249996 0.1435777375 0.38053760625 0.18953395312500002 0.36724048125 0.19500568437500002 0.35988089218749997 0.189029628125 0.3213892984375 0.191356140625 0.26366546562500004 0.21469713750000002 0.19814970781250002 0.257396815625 0.14257895625 0.2400856125 0.1168517890625 0.2021516078125 0.1008713 0.1662768703125 0.103834828125 0.1306038546875 0.125138834375 0.10754189375 0.1487129234375 0.0828171546875 0.19040930312499998 0.0669138015625 0.2541941703125 0.06770840312500001 0.2965895796875 0.0822896296875 0.343359640625 0.106639278125 0.36954625 0.1302075515625 0.37720404531249996
9 0.2251237203125 0.35739029218749996 0.2586722875 0.31644636875 0.26580310156250003 0.26475789375000003 0.2782132578125 0.2281192 0.2932630828125 0.1990053953125 0.3185900890625 0.17346859375 0.352987040625 0.1583553703125 0.3567776484375 0.15372917656250001 0.353478059375 0.1443230640625 0.3379778390625 0.1310007921875 0.2949456640625 0.1163536140625 0.2586252609375 0.1311276765625 0.2276405 0.1662560328125 0.20470946093750003 0.2182216546875 0.20431774374999997 0.21979274218749997 0.1978786421875 0.256310703125 0.2024011390625 0.3206431390625 0.21434939531250002 0.35470395 0.2251237203125 0.35739029218749996
9 0.342268084375 0.34311864999999997 0.34274788749999996 0.34323827812499996 0.3779644140625 0.27770089531250003 0.40672856875 0.2459522078125 0.428774734375 0.23035172343750002 0.4287172453125 0.22038382968749998 0.40810336718749995 0.18908531875 0.3790632578125 0.1729881234375 0.33822643124999996 0.178172775 0.2958078421875 0.204339896875 0.25693221093749996 0.25433016875000003 0.24670461562499998 0.2758426484375 0.244550671875 0.2844816484375 0.24863246718749998 0.29146084375000003 0.2775575921875 0.287622259375 0.31169942968750003 0.3025729734375 0.342268084375 0.34311864999999997
9 0.1412329859375 0 0.1574937453125 0.0500752515625 0.18385991562499998 0.0765659921875 0.222011934375 0.08607835781249999 0.246495084375 0.081325428125 0.2799541875 0.062293570312500005 0.28128255156250004 0.030492453125000003 0.2890478984375 0 0.1412329859375 0
9 0.30063866250000004 0 0.29713378125 0.0089953515625 0.29069915 0.03480325 0.2893664734375 0.046571601562499995 0.294861228125 0.08001460625 0.3060812296875 0.1062934625 0.3548409515625 0.14174102500000002 0.365870259375 0.144490940625 0.372903796875 0.1454116359375 0.40940256249999996 0.13650098906250002 0.43305396875 0.12291427656250001 0.456924609375 0.1001594046875 0.477343803125 0.066900340625 0.49453079375 0.0139689234375 0.4946100828125 0 0.30063866250000004 0
11 0.5582918671875 0.251743390625 0.59442468125 0.3160511953125 0.6268664375 0.3432223015625 0.630103771875 0.344029459375 0.67840905625 0.3473360703125 0.7233309328125 0.31605119375 0.74969811875 0.2691238796875 0.7594637421875 0.2239346125 0.75751061875 0.1509365625 0.7477449921875 0.105747296875 0.7340731203125 0.0744624203125 0.7033388859375 0.0353912640625 0.6831774453125 0.0303644515625 0.61004968125 0.027535106250000004 0.58465905625 0.044915593749999996 0.5685045703125 0.0766931640625 0.5504793671875 0.14898830624999998 0.550479365625 0.21698241562499998 0.5582918671875 0.251743390625
11 0.7417857375 0.2518574046875 0.7178399718749999 0.2914053203125 0.7220368890625 0.29770660625 0.7275043984375 0.299069809375 0.7684755062499999 0.303325940625 0.8070766125000001 0.2872062265625 0.8323932062500001 0.26467409218750004 0.865274240625 0.217173659375 0.8913034937500001 0.1415792171875 0.8938628671875 0.0891527921875 0.8170830765625 0.063750875 0.758924871875 0.04925040625 0.7568855640625001 0.0574296203125 0.76405766875 0.070192028125 0.7708502578124999 0.10745663125 0.7713284984375 0.1480616171875 0.76215645625 0.1926965359375 0.7417857375 0.2518574046875
11 0.502821196875 0 0.48573846718749997 0.034045501562500004 0.4847016984375 0.0382037515625 0.48643227187500004 0.0632285703125 0.49848194531249995 0.0858054578125 0.52897084375 0.10625012812500001 0.5457547218750001 0.11043481875000001 0.5514144421875 0.11117200468749999 0.5598981609375 0.10593858125 0.5801900921875001 0.081416890625 0.602213265625 0.0618292546875 0.6310694046875 0.0460291921875 0.635770634375 0.0394167796875 0.63592784375 0.03878624375 0.569686221875 0.0020679125 0.561392278125 0 0.502821196875 0
8 1 0.241015871875 0.9820009515624999 0.2196568328125 0.9368828499999999 0.1966816765625 0.935743759375 0.1963976703125 0.8990412937500001 0.1979047625 0.8708253953125 0.2138303671875 0.837955534375 0.2625803140625 0.8311783984375 0.28261172343749996 0.8309868171874999 0.283380109375 0.8220178484374999 0.38009456406250003 0.8292485062500001 0.41006088281249997 0.872966540625 0.4715268 0.8966912015625 0.48618285937500005 0.8989035171875001 0.48673445156249995 0.9582404921875 0.48643842812500004 1 0.43543069843750004 1 0.241015871875
8 0.62436125 0.763340409375 0.6196859078125 0.7820921828125 0.6105790125 0.8340660062499999 0.617032171875 0.9048497 0.64433174375 0.9554769750000001 0.6867571890625 0.9781332546874999 0.6885155421875 0.9785716609374999 0.752951109375 0.9654177046875001 0.7907540140625 0.932937021875 0.8238125984375 0.8820832 0.843919828125 0.8154179218750001 0.8500947968749999 0.75847845625 0.8419102828125 0.6981621578125 0.8170924953125001 0.6521373640625 0.7821215078125 0.628312809375 0.78211078125 0.628310134375 0.73763054375 0.630613953125 0.6797429171875 0.6668819578125 0.6490621265625001 0.71120284375 0.62436125 0.763340409375
8 0.84162965625 0.7449561078125 0.8340621203125 0.8280617781249999 0.8350766796875 0.8283147359375 0.8717654140625 0.8260200187500001 0.9121268 0.7934469078124999 0.9383104171875001 0.7507846921875 0.95793635 0.68406184375 0.9605536734375001 0.6191225296875 0.9538951234375 0.5858916640625 0.94098148125 0.556110865625 0.9020623890625 0.5178803890625 0.8667692765625 0.5064129625 0.8383246640625 0.5117906890625 0.8233753203124999 0.532518253125 0.813013484375 0.5328064718750001 0.8039275578125 0.548129203125 0.7939574031250001 0.5503721765625 0.768619528125 0.5981086062500001 0.767611525 0.6021514875 0.7683671921874999 0.613329628125 0.8086512765625 0.6410386578125 0.8313451234375 0.6849621890625001 0.84162965625 0.7449561078125
8 0.5930440499999999 1 0.5968677296875 0.994251471875 0.615761015625 0.9237407718749999 0.6150633062499999 0.8659742874999999 0.6027271390625 0.8176848078125 0.57596625 0.78172448125 0.5372478796875 0.76775120625 0.49600489375 0.7782925078125 0.470435159375 0.8020302421875 0.44553330156250004 0.8421411843750001 0.4271802328125 0.888944578125 0.4261173203125 0.8932076828125 0.42083570000000003 0.9380870296875001 0.456506178125 0.9332500171874999 0.488665146875 0.9490644312500001 0.513452246875 0.9772984453125 0.5210857328125 1 0.5930440499999999 1
8 0.47098867968749997 0.8207068124999999 0.4720359296875 0.8043534984375 0.4490901515625 0.7769284140625 0.41626896406249997 0.76432954375 0.380865965625 0.7693566281249999 0.364942684375 0.778137865625 0.3327169109375 0.8048633000000001 0.3055821328125 0.842851490625 0.29017944375 0.8829768671875 0.2847876921875 0.9046019968750001 0.27608175 0.9469528859375 0.35578389375 0.9793497015625 0.3588796484375 0.9801215593749999 0.39765408281250003 0.9545243921875001 0.40532688749999995 0.9481611953125 0.409154421875 0.9272900171874999 0.4278402484375 0.8786117718750001 0.4531516296875 0.8399236437500001 0.47098867968749997 0.8207068124999999