9 0.7617187484375 0.7317185171875 0.7617187484375 0.6656726671875 0.7480468765625 0.6031029109375 0.7177734375 0.5492233984375 0.6826171875 0.52141461875 0.6298828125 0.5179385234375 0.5947265625 0.542271203125 0.568359375 0.585722421875 0.5507812515625 0.6448160828125 0.5488281234375 0.7317185171875 0.556640625 0.76647949375 0.5869140640625 0.8238351015625 0.6220703109375 0.8585960781249999 0.6708984375 0.8655482671874999 0.7080078125 0.8481677859375001 0.7460937484375 0.7908121718750001 0.7617187484375 0.7317185171875
9 0.5507812515625 0.630911690625 0.5664062515625 0.585722421875 0.6054687484375 0.5266287671875001 0.6054687484375 0.5022960828125 0.59375 0.46753510781249996 0.5732421875 0.43451218437500005 0.5478515625 0.4206077921875 0.5087890640625 0.4206077921875 0.4619140640625 0.45189267187500004 0.427734375 0.519676571875 0.416015625 0.6100551078125 0.4296874984375 0.6691487625 0.4638671875 0.716076078125 0.4853515625 0.7299804703125 0.5224609359375 0.733456565625 0.5449218765625 0.7178141250000001 0.5449218765625 0.6691487625 0.5507812515625 0.630911690625
9 0.9101562515625 0.7004336421875 0.9199218765625 0.6517682734375 0.9179687484375 0.582246328125 0.9023437484375 0.5266287671875001 0.8779296890625 0.48665364218749996 0.8388671875 0.45884486874999997 0.7861328125 0.45884486874999997 0.7490234375 0.49012974375 0.7265625015625 0.5301048625 0.7226562515625 0.554437546875 0.7519531234375 0.6065790062499999 0.7617187484375 0.648292178125 0.7626953109375 0.7751697375 0.8076171875 0.7995024171875 0.8525390640625 0.789074125 0.8955078125 0.7369326671875001 0.9101562515625 0.7004336421875
9 0.7978515625 0.40670340468750005 0.7646484375 0.3684663328125 0.7412109359375 0.3580380421875 0.7080078125 0.3580380421875 0.6865234375 0.3649902328125 0.6572265625 0.3927990125 0.634765625 0.4362502328125 0.625 0.474487303125 0.6240234375 0.514462428125 0.6728515625 0.514462428125 0.7177734375 0.542271203125 0.7451171875 0.49012974375 0.7724609359375 0.4623209640625 0.8076171875 0.45189267187500004 0.8105468765625 0.4362502328125 0.7978515625 0.40670340468750005
9 0.6025390640625 0.4762253515625 0.6132812515625 0.4536307203125 0.6132812515625 0.411917546875 0.599609375 0.3528238921875 0.5751953109375 0.305896578125 0.5458984375 0.2885160890625 0.4990234375 0.2954682859375 0.4658203109375 0.3198009640625 0.4394531234375 0.3597760890625 0.4238281234375 0.41539364843750004 0.421875 0.46405901250000003 0.4287109359375 0.50403413125 0.4697265625 0.44146438125 0.5048828125 0.4206077921875 0.5380859359375 0.417131696875 0.5615234375 0.4240838921875 0.5791015625 0.4379882796875 0.6025390640625 0.4762253515625
9 0.6289062515625 0.450154625 0.6386718765625 0.41886974375 0.662109375 0.37368047656250003 0.666015625 0.3041585296875 0.662109375 0.27634975 0.6396484375 0.22594633281249998 0.6181640640625 0.20508975000000002 0.5986328125 0.198137553125 0.5517578125 0.20508975000000002 0.5341796890625 0.2189941421875 0.5019531234375 0.269397553125 0.494140625 0.2867780421875 0.4970703109375 0.2954682859375 0.5478515625 0.2885160890625 0.5791015625 0.309372671875 0.6074218765625 0.37368047656250003 0.6142578125 0.465797059375 0.6201171875 0.465797059375 0.6289062515625 0.450154625
9 0.9345703109375 0.45189267187500004 0.962890625 0.411917546875 0.978515625 0.3667282859375 0.9824218765625 0.3111107265625 0.9707031234375 0.2589692625 0.9560546890625 0.22942243437499998 0.9287109359375 0.198137553125 0.8955078125 0.1842331671875 0.8544921875 0.1877092625 0.8300781234375 0.206827796875 0.853515625 0.2728736484375 0.8554687484375 0.3423956015625 0.8398437484375 0.3980131609375 0.822265625 0.43277413749999993 0.8251953109375 0.44146438125 0.8662109359375 0.46927316093749993 0.9033203109375 0.46927316093749993 0.9345703109375 0.45189267187500004
9 0.8095703109375 0.4275599875 0.8193359359375 0.4275599875 0.837890625 0.394537065625 0.853515625 0.331967309375 0.853515625 0.2937302375 0.8398437484375 0.23811267812499998 0.8154296890625 0.198137553125 0.7822265625 0.1772809703125 0.7373046890625 0.1842331671875 0.7197265625 0.1946614578125 0.7148437484375 0.203351703125 0.7177734375 0.20856584531250003 0.7490234375 0.22942243437499998 0.7695312515625 0.2589692625 0.7792968765625 0.2902541375 0.7851562515625 0.3284912078125 0.7832031234375 0.380632671875 0.8095703109375 0.4275599875
9 0.7832031234375 0.37020438125 0.7851562515625 0.33891950625 0.775390625 0.27634975 0.7509765625 0.2328985296875 0.7177734375 0.20856584531250003 0.6845703109375 0.20856584531250003 0.6513671875 0.22594633281249998 0.646484375 0.234636578125 0.6582031234375 0.2589692625 0.6679687484375 0.300682428125 0.6669921875 0.3754185234375 0.7138671875 0.354561940625 0.7509765625 0.3580380421875 0.7744140640625 0.3754185234375 0.7832031234375 0.37020438125
9 0.8291015625 0 0.8242187484375 0.0121663390625 0.8261718765625 0.0990687796875 0.8203125015625 0.1303536546875 0.8486328125 0.1564243875 0.8720703109375 0.166852678125 0.9091796890625 0.166852678125 0.9423828125 0.1459960953125 0.9726562515625 0.095592678125 0.9863281234375 0.0434512203125 0.9863281234375 0.00869024375 0.9814453109375 0 0.8291015625 0
9 0.6376953109375 0 0.630859375 0.0191185359375 0.6289062515625 0.0747360953125 0.6367187484375 0.11297316718749999 0.6513671875 0.14251999375 0.6689453109375 0.1633765828125 0.7001953109375 0.1842331671875 0.7158203109375 0.1877092625 0.7763671875 0.1703287734375 0.7958984375 0.149472190625 0.8125 0.11992536250000001 0.818359375 0.095592678125 0.8164062515625 0.00869024375 0.8056640640625 0 0.6376953109375 0
11 0.5292968765625 0.189447309375 0.5292968765625 0.1164492671875 0.5136718765625 0.053879512500000004 0.4951171875 0.0173804875 0.4697265625 0 0.3798828125 0.0034760953125 0.3457031234375 0.046927315625 0.3320312515625 0.078212190625 0.322265625 0.1234014578125 0.3203125015625 0.19639950625 0.3300781234375 0.24158877343750002 0.3564453109375 0.2885160890625 0.4013671875 0.3198009640625 0.4521484375 0.31632486875 0.4853515625 0.2885160890625 0.521484375 0.2242082859375 0.5292968765625 0.189447309375
11 0.318359375 0.140781946875 0.3242187484375 0.095592678125 0.337890625 0.0573556078125 0.3564453109375 0.024332684375 0.3681640640625 0.0139043921875 0.3710937484375 0.001738046875 0.2275390640625 0 0.212890625 0.050403410937500004 0.212890625 0.1303536546875 0.228515625 0.1859712140625 0.2451171875 0.21551804218749998 0.2763671875 0.243326821875 0.3212890640625 0.2537551125 0.328125 0.24854097031250003 0.318359375 0.203351703125 0.318359375 0.140781946875
11 0.4912109359375 0 0.4921874984375 0.00869024375 0.509765625 0.0364990234375 0.5195312515625 0.064307803125 0.525390625 0.095592678125 0.5302734375 0.10428292187499999 0.5478515625 0.11123511875 0.5888671875 0.10775902343749999 0.6103515625 0.09385463125 0.625 0.07126 0.6279296890625 0 0.4912109359375 0
8 0.2226562515625 0.189447309375 0.2167968765625 0.16859072656250002 0.1865234375 0.118187315625 0.1591796890625 0.100806828125 0.12207031093750001 0.0973307265625 0.07519531093750001 0.118187315625 0.0556640640625 0.1390438984375 0.035156251562500004 0.175542921875 0.025390625 0.206827796875 0.023437498437500003 0.2659214578125 0.035156251562500004 0.3180629171875 0.08496093593750001 0.385846821875 0.1455078125 0.3893229171875 0.1708984375 0.3754185234375 0.2177734375 0.31632486875 0.2265625015625 0.2867780421875 0.2226562515625 0.189447309375
8 0.3164062515625 0.742146809375 0.3105468765625 0.6795770531249999 0.296875 0.6274355953125 0.2548828125 0.5735560828125 0.2138671875 0.5561755953125 0.1728515625 0.5666038875 0.1337890640625 0.6013648625 0.10546874843750001 0.655244375 0.09179687656249999 0.710861934375 0.087890625 0.78038388125 0.10156250156249999 0.8394775421875 0.1259765625 0.8829287562499999 0.1826171875 0.9176897328125 0.2314453109375 0.9107375359375001 0.2744140640625 0.8725004640625 0.3046874984375 0.8081926609375 0.3164062515625 0.742146809375
8 0.2138671875 0.5526995 0.21875 0.5405331546875 0.208984375 0.4849155953125 0.2001953109375 0.479701453125 0.1962890640625 0.4623209640625 0.1865234375 0.45884486874999997 0.1787109359375 0.43451218437500005 0.1533203109375 0.4206077921875 0.11621093593750001 0.4206077921875 0.0673828125 0.4449404765625 0.0458984375 0.46927316093749993 0.0292968765625 0.4988199875 0.011718748437499999 0.5613897437500001 0.009765625 0.630911690625 0.021484375 0.6795770531249999 0.049804689062500004 0.7230282734375 0.08496093593750001 0.7369326671875001 0.103515625 0.655244375 0.1318359359375 0.6013648625 0.1669921875 0.5666038875 0.2138671875 0.5526995
8 0.4765625015625 0.898571196875 0.4707031234375 0.8464297328124999 0.4570312515625 0.8012404640625 0.4384765625 0.7716936375000001 0.4013671875 0.7508370531249999 0.3603515625 0.7543131484375001 0.3251953109375 0.782121928125 0.3007812515625 0.8255731484375 0.2851562515625 0.8811907078125 0.2851562515625 0.95418875625 0.2998046890625 0.9976399765625 0.3447265625 0.9976399765625 0.3701171875 0.9594029046875001 0.4013671875 0.9385463156249999 0.4365234375 0.93159411875 0.4697265625 0.9454985125 0.4765625015625 0.898571196875
8 0.5957031234375 0.995901921875 0.6054687484375 0.9368082671875 0.6054687484375 0.8881429046875 0.59375 0.8429536375 0.5732421875 0.8064546125 0.5615234375 0.7925502265625 0.5302734375 0.7751697375 0.4951171875 0.7751697375 0.4638671875 0.7925502265625 0.458984375 0.8081926609375 0.46875 0.8325253453125001 0.478515625 0.8777146124999999 0.478515625 0.929856071875 0.474609375 0.9507126609375 0.4794921875 0.9594029046875001 0.5068359359375 0.9976399765625 0.5957031234375 0.995901921875