11 0.11967953437500001 0.07082405 0.11272286093749999 0.0710669828125 0.061329809375 0.09200489218749999 0.02519699375 0.13399707656249998 0.003338728125 0.2013934078125 0.0038788062499999997 0.21685925468749997 0.0232438734375 0.31368457968749996 0.07304856093749999 0.36544239375 0.13750168437500002 0.38692676718749996 0.2449235609375 0.3615361390625 0.2908219953125 0.31173145468749996 0.3103532453125 0.2609502015625 0.3084001203125 0.190637703125 0.2771501203125 0.12227833125000001 0.18632980937500002 0.074426765625 0.11967953437500001 0.07082405
11 0.16422070625000001 0.3906019453125 0.0689427078125 0.3809772328125 0.0291947359375 0.449326996875 0.0294519625 0.456693009375 0.05046326875 0.550831528125 0.09078752500000001 0.5888167703125 0.1538609171875 0.6096818578125001 0.26468418437499996 0.5803589140625001 0.3094183453125 0.5295059046875 0.32240871718749997 0.48493512812499995 0.30667688593750003 0.4099971578125 0.250107959375 0.3555080859375 0.24539796875 0.3556725625 0.16422070625000001 0.3906019453125
9 0.387462171875 0.0964016375 0.33552934375 0.17777570625 0.3355720390625 0.178998346875 0.3572232359375 0.31295024531250004 0.4533841265625 0.3802828296875 0.5339414703124999 0.37599466718749996 0.5812379859375 0.351788975 0.62865303125 0.2888889078125 0.6418989234375 0.22903890625 0.6173587671874999 0.14610276875 0.5346014421875 0.0766595390625 0.5155224140625 0.07732579375000001 0.387462171875 0.0964016375
9 0.40627507500000004 0.37171824375 0.35885235781249997 0.44271667031249995 0.3590570203125 0.4485774375 0.3751328 0.54252750625 0.41536424375000003 0.5824688796874999 0.47725920625 0.6066063796875001 0.581765659375 0.585482984375 0.621911475 0.5491524359375 0.646355628125 0.4931088234375 0.63436286875 0.41354931562499997 0.581508765625 0.35666721875 0.5027670125 0.384263565625 0.40627507500000004 0.37171824375
1 0.6740570890625001 0.14531544375 0.7213937546875 0.17801482500000002 0.7236575796875 0.17793577031250002 0.781291678125 0.1668918375 0.8120089203124999 0.12231125000000001 0.8117875765625 0.1159727796875 0.8050068234375001 0.0731607953125 0.7707716890625 0.038044953124999996 0.7172413515625 0.0358856609375 0.7105838671875 0.0361181453125 0.6682027625 0.078440875 0.6686095671875 0.0900902296875 0.6740570890625001 0.14531544375
1 0.6746083671875 0.21710195 0.6879091625 0.26348733593749996 0.73447926875 0.2877225171875 0.79026484375 0.2696944234375 0.8145000234375 0.2231243203125 0.801579525 0.178065178125 0.7754950890625001 0.160491040625 0.7741282390625 0.160538771875 0.6868958984375 0.1855522421875 0.6743867140625001 0.2107546578125 0.6746083671875 0.21710195
1 0.9076825 0.1761998359375 0.9670245390625001 0.1351340171875 0.972332625 0.084630946875 0.9375147515625001 0.032856303125 0.8883209687500001 0.022094165625000002 0.88429723125 0.022234678124999997 0.8368702953125 0.046826687500000005 0.820829296875 0.1060210921875 0.8457308843750001 0.158717378125 0.9046553734374999 0.1763055453125 0.9076825 0.1761998359375
1 0.8862129921875 0.2892539609375 0.9368224296875001 0.284645828125 0.9765593656249999 0.24051348906249997 0.976363221875 0.19945185468749999 0.9507470546875 0.16375182187499998 0.9312235734375 0.164433596875 0.852671378125 0.171707678125 0.8363889562500001 0.19366424843750002 0.8383514515625 0.249862771875 0.8862129921875 0.2892539609375
3 0.671745715625 0.4485262578125 0.698383746875 0.48891135781250006 0.7836939765625 0.4999873453125 0.8162741406249999 0.46705863125 0.8181882015624999 0.399965459375 0.7798282890625 0.36444437500000004 0.7330500015625 0.3620951640625 0.715285596875 0.3627155109375 0.6782314953124999 0.395119865625 0.6715633750000001 0.4433047359375 0.671745715625 0.4485262578125
3 0.6820373843749999 0.5641554078125 0.6991709828125 0.6106320390625 0.7508351234374999 0.631374696875 0.7991108421875001 0.6155000234375 0.8279017078124999 0.5635599234375 0.8096112140624999 0.5139450984375 0.7627352234375 0.49707889375000003 0.7586597390625001 0.49722121250000006 0.7037765578124999 0.516862928125 0.6818617171875 0.5591249546875 0.6820373843749999 0.5641554078125
3 0.8392228671874999 0.45390254375000005 0.8669109296874999 0.4952632140625 0.9354644125 0.5057871421875 0.984460478125 0.4590264828125 0.985561134375 0.41017171093749993 0.9486327875 0.3649108640625 0.9037277765624999 0.3576984171875 0.8907314296875001 0.358152259375 0.8445485125 0.38919202343750003 0.8388254953125 0.4425232828125 0.8392228671874999 0.45390254375000005
3 0.9069957828125 0.6327519203125 0.9071688375000001 0.6327458781249999 0.9593380968749999 0.6156787109375 0.9836341328125 0.565587353125 0.9747004265625 0.523557575 0.94128854375 0.49866093593749994 0.9342834453125001 0.498905559375 0.859247875 0.5111577281249999 0.8380199984375001 0.5537711390625 0.8381076265624999 0.55628046875 0.857784678125 0.6123050703125 0.9069957828125 0.6327519203125
7 0.047541299999999995 0.723192890625 0.01596176875 0.775128109375 0.030115932812500003 0.8279521781250001 0.077772503125 0.858656153125 0.1410404515625 0.845747603125 0.172249928125 0.7999776093750001 0.15846581875000001 0.7409883109375001 0.10609249375 0.7107505578125 0.1001562984375 0.710957853125 0.047541299999999995 0.723192890625
7 0.1782239203125 0.7770795828125 0.1833299328125 0.818514840625 0.2297506078125 0.855655621875 0.30529021875 0.84566879375 0.3357271578125 0.794377490625 0.321079371875 0.7393508125 0.26905022500000003 0.708186853125 0.2625113125 0.708415196875 0.20643400625 0.7209256421875 0.177646628125 0.76054806875 0.1782239203125 0.7770795828125
7 0.19093623125 0.9172554375 0.2339180296875 0.9708851656249999 0.2928556765625 0.9754257109375001 0.3303860765625 0.94446624375 0.3370032609375 0.9039408343750001 0.318318615625 0.8650260078124999 0.230528653125 0.8424255109375001 0.228886475 0.84248285625 0.19684859999999998 0.8681597625 0.1908333734375 0.914309953125 0.19093623125 0.9172554375
7 0.033338315624999997 0.9261549546875001 0.07226315625 0.9710902359375 0.124484321875 0.9784294421874999 0.1697060875 0.94435239375 0.17456753125 0.8957276375 0.151007903125 0.8598732796874999 0.085216075 0.8506268421875 0.0726249421875 0.851066534375 0.039994782812500004 0.8708977156250001 0.0331175140625 0.919832028125 0.033338315624999997 0.9261549546875001
0 0.42364630937500003 0.8030084890625 0.4776746296875 0.8508216109375001 0.5559565281250001 0.8476923296875001 0.5957574218749999 0.7992471609375 0.5846840734375001 0.724596484375 0.520691584375 0.68229835 0.45580058125 0.6937125125 0.41468531249999996 0.74319215625 0.4149140203125 0.7497414906250001 0.42364630937500003 0.8030084890625
0 0.4467920796875 0.9506247984374999 0.511741259375 0.987095071875 0.5712066078125 0.9720895984375 0.6032016125 0.9232166390625001 0.5950545703125 0.8749147718750001 0.561917378125 0.84350365 0.45473405 0.8509203921875 0.430821990625 0.89188623125 0.4309869578125 0.8966102609375 0.4467920796875 0.9506247984374999
8 0.7060857453125 0.8498676265625 0.7117878671875 0.8840803453125 0.7615925515625 0.9202131578125 0.7987019296875 0.9182600296875 0.8348347437499999 0.8860334703125 0.838740990625 0.8508772203125 0.8183109046875 0.818772796875 0.8180813265625 0.8187808140625 0.7908894265625 0.84208815625 0.7060524484374999 0.8489141171875 0.7060857453125 0.8498676265625
8 0.6849619046875 0.8269884187500001 0.7393269828125 0.9100123203124999 0.79455284375 0.9188528874999999 0.83664910625 0.882420121875 0.83635074375 0.8394080390624999 0.7894585000000001 0.747008996875 0.7366166171875 0.7293819328125 0.7317544046875 0.729551725 0.6834146109375 0.757456034375 0.6832782546875 0.778774984375 0.6849619046875 0.8269884187500001