11 0.966796875 0.6982421859375 0.9169921859375 0.6464843734375 0.8525390625 0.625 0.7451171859375 0.6503906265625 0.6992187515625 0.7001953109375 0.6796875015625 0.7509765640625 0.6816406265625 0.8212890625 0.7128906265625 0.8896484359375 0.8037109375 0.9375 0.8759765640625 0.9414062484375 0.9287109375 0.919921875 0.9648437515625 0.8779296890625 0.9882812484375 0.8056640625 0.966796875 0.6982421859375
11 0.8583984359375 0.404296875 0.7451171859375 0.421875 0.6953124984375 0.4677734359375 0.6777343734375 0.5107421859375 0.685546875 0.5869140625 0.7373046890625 0.6484375015625 0.8251953109375 0.6210937515625 0.9189453109375 0.640625 0.966796875 0.5751953109375 0.955078125 0.4736328140625 0.9189453109375 0.4316406265625 0.8583984359375 0.404296875
9 0.4326171859375 0.6347656265625 0.375 0.6884765640625 0.3515624984375 0.7451171859375 0.361328125 0.8310546890625 0.4326171859375 0.9160156265625 0.5791015640625 0.919921875 0.6445312484375 0.8486328140625 0.6464843734375 0.7119140625 0.5634765640625 0.6289062484375 0.4833984359375 0.6191406265625 0.4326171859375 0.6347656265625
9 0.5283203109375 0.3945312484375 0.4228515640625 0.4101562484375 0.3808593734375 0.4443359375 0.3535156265625 0.4990234359375 0.361328125 0.5791015640625 0.4111328140625 0.638671875 0.4912109375 0.6152343734375 0.5869140625 0.6328124984375 0.638671875 0.5634765640625 0.626953125 0.4638671859375 0.5888671859375 0.421875 0.5283203109375 0.3945312484375
1 0.1777343734375 0.8583984359375 0.1777343734375 0.9072265640625 0.2060546890625 0.9472656265625 0.2646484359375 0.9589843734375 0.314453125 0.9228515640625 0.3183593734375 0.8564453109375 0.2763671859375 0.8164062484375 0.2158203109375 0.8183593734375 0.1777343734375 0.8583984359375
1 0.1777343734375 0.7490234359375 0.1777343734375 0.7958984359375 0.1982421859375 0.8203124984375 0.2900390625 0.8203124984375 0.310546875 0.7978515640625 0.310546875 0.7451171859375 0.2724609375 0.7089843734375 0.2138671859375 0.7109375015625 0.1777343734375 0.7490234359375
1 0.015625 0.8583984359375 0.015625 0.9091796890625 0.0556640625 0.9570312484375 0.10839843593750001 0.9628906265625 0.154296875 0.9326171859375 0.1640624984375 0.8720703109375 0.1337890625 0.8222656265625 0.0712890625 0.810546875 0.015625 0.8583984359375
1 0.015625 0.7412109375 0.013671875 0.7822265640625 0.0380859375 0.8203124984375 0.1357421859375 0.8164062484375 0.154296875 0.7939453109375 0.154296875 0.7392578140625 0.10839843593750001 0.6972656265625 0.0576171859375 0.6992187515625 0.015625 0.7412109375
3 0.1757812484375 0.5361328140625 0.185546875 0.6025390625 0.2294921859375 0.6308593734375 0.2919921859375 0.623046875 0.3242187515625 0.5830078140625 0.3222656265625 0.5302734359375 0.2880859375 0.4941406265625 0.2021484359375 0.498046875 0.1757812484375 0.5361328140625
3 0.1777343734375 0.4072265640625 0.1816406265625 0.4599609375 0.2236328140625 0.4902343734375 0.2841796890625 0.486328125 0.3183593734375 0.4501953109375 0.314453125 0.3974609375 0.2705078140625 0.3632812484375 0.2197265640625 0.3652343734375 0.1777343734375 0.4072265640625
3 0.013671875 0.5244140625 0.011718751562500001 0.5732421859375 0.047851564062500004 0.6191406265625 0.1025390625 0.6289062484375 0.1523437515625 0.5966796890625 0.1601562484375 0.5341796890625 0.1318359375 0.4902343734375 0.06347656406249999 0.4785156265625 0.013671875 0.5244140625
3 0.021484373437500003 0.4052734359375 0.021484373437500003 0.4482421859375 0.049804689062500004 0.4804687515625 0.1318359375 0.484375 0.1621093734375 0.4462890625 0.154296875 0.3857421859375 0.11035156406249999 0.3554687515625 0.0556640625 0.361328125 0.021484373437500003 0.4052734359375
7 0.84375 0.1943359375 0.841796875 0.2548828140625 0.8857421859375 0.298828125 0.9443359375 0.3007812484375 0.9882812484375 0.2587890625 0.9882812484375 0.2041015640625 0.9501953109375 0.1621093734375 0.8857421859375 0.158203125 0.84375 0.1943359375
7 0.6757812484375 0.2021484359375 0.6816406265625 0.2587890625 0.7294921859375 0.298828125 0.7919921859375 0.294921875 0.828125 0.2587890625 0.830078125 0.2021484359375 0.7900390625 0.158203125 0.7138671859375 0.15625 0.6757812484375 0.2021484359375
7 0.6796875015625 0.07910156406249999 0.6816406265625 0.12011718593750001 0.7080078140625 0.154296875 0.7998046890625 0.158203125 0.826171875 0.1259765640625 0.8222656265625 0.07714843593750001 0.7685546890625 0.033203125 0.7099609375 0.041015626562500004 0.6796875015625 0.07910156406249999
7 0.841796875 0.07910156406249999 0.84375 0.1279296890625 0.8720703109375 0.1601562484375 0.9482421859375 0.1601562484375 0.9804687515625 0.1337890625 0.9804687515625 0.07910156406249999 0.9345703109375 0.039062498437499996 0.8818359375 0.039062498437499996 0.841796875 0.07910156406249999
0 0.4121093734375 0.2041015640625 0.4257812484375 0.2783203109375 0.4912109375 0.3183593734375 0.5556640625 0.3046875015625 0.595703125 0.2529296890625 0.5839843734375 0.1943359375 0.5283203109375 0.1484375015625 0.4501953109375 0.154296875 0.4121093734375 0.2041015640625
0 0.4121093734375 0.0693359375 0.4160156265625 0.1181640625 0.4462890625 0.1523437515625 0.5537109375 0.154296875 0.5820312484375 0.11425781406249999 0.5703124984375 0.0556640625 0.5087890625 0.013671875 0.4482421859375 0.023437501562499997 0.4121093734375 0.0693359375
8 0.1777343734375 0.10449218593750001 0.173828125 0.1396484359375 0.1943359375 0.171875 0.2216796890625 0.1484375015625 0.3066406265625 0.1416015640625 0.3007812484375 0.10644531093750001 0.2509765640625 0.07031249843750001 0.2138671859375 0.07226562656249999 0.1777343734375 0.10449218593750001
8 0.1777343734375 0.10449218593750001 0.1757812484375 0.1474609375 0.2177734359375 0.2421875015625 0.2724609375 0.263671875 0.3242187515625 0.2373046890625 0.328125 0.1708984359375 0.2763671859375 0.08203124843750001 0.2216796890625 0.07031249843750001 0.1777343734375 0.10449218593750001