11 0.15035906875 0.9499205999999999 0.2170281734375 0.9392490328124999 0.3023491109375 0.8821662968749999 0.3262824203125 0.8109148890625001 0.3208751890625 0.7407834125 0.2961428453125 0.692321915625 0.2452898421875 0.647587759375 0.1358023890625 0.63356486875 0.0739480734375 0.6616687359375 0.029826384374999997 0.718349021875 0.0210169734375 0.8131329859375 0.0213309890625 0.8311229359375 0.05055126875 0.8968480187500001 0.0908755203125 0.9348332609375 0.14334303125 0.950043065625 0.15035906875 0.9499205999999999
11 0.2509598984375 0.6621835500000001 0.308639878125 0.6066242765625 0.3243717109375 0.5316863046875 0.3113813390625 0.4871155296875 0.26664717968749996 0.436262521875 0.15582390937499999 0.4069395765625 0.0927505171875 0.42780466562499997 0.052426264062500005 0.4657899078125 0.030716532812500003 0.5630576328125 0.0307791234375 0.566643390625 0.070905703125 0.6356442 0.1661837015625 0.6260194875 0.25025884375 0.6621957875 0.2509598984375 0.6621835500000001
9 0.579603321875 0.9126122296875 0.6463481718749999 0.8240367484375 0.6516027921875 0.7377059265625 0.6252330703125 0.6823695515625 0.564883834375 0.6317476765625 0.5133544296875 0.6188017734375 0.4338971390625 0.6327449781250001 0.355379096875 0.7199481 0.3553911609375 0.7206392578124999 0.3644531359375 0.8564124890624999 0.4324426734375 0.9231184812500001 0.451018384375 0.9227942406249999 0.579603321875 0.9126122296875
9 0.57009661875 0.650362046875 0.6280463109375 0.599805453125 0.6482896031250001 0.5219353625 0.6298375125 0.4636436546875 0.593709196875 0.4233157484375 0.49198323437499997 0.3913841703125 0.4279042875 0.40891965781249995 0.3837182234375 0.444436896875 0.35692120156249996 0.53970755625 0.356956646875 0.5417382187500001 0.3968354703125 0.6175657015625 0.4941101546875 0.6151752593750001 0.5685585750000001 0.6503888921875001 0.57009661875 0.650362046875
1 0.822692078125 0.9179452078124999 0.8336760171875 0.8703685406250001 0.8055730499999999 0.8227882046874999 0.74701734375 0.80726505625 0.697094584375 0.8368317328125 0.6866666421875001 0.8982666937499999 0.686754934375 0.90332496875 0.72636264375 0.9488250578124999 0.7685366453125 0.9500694375000001 0.787033578125 0.949746571875 0.822692078125 0.9179452078124999
1 0.8265540796874999 0.7428729875 0.7897620796875 0.7054234578125 0.731143165625 0.7044932296875 0.6948459265625 0.7401531703125 0.6958080718749999 0.7952744109375 0.7130575765625 0.8135168828125 0.80946204375 0.8118341359375 0.8273721625 0.7897408484375 0.8265540796874999 0.7428729875
1 0.9887236765624999 0.908347409375 0.9931495546875 0.85775939375 0.9418678500000001 0.8052384796875 0.8785843234374999 0.8114654031249999 0.8440853234375 0.8584420625 0.848536778125 0.91960966875 0.8916220546875 0.953768221875 0.9446664359374999 0.9525272453125 0.9887236765624999 0.908347409375
1 0.8564086312500001 0.7963616 0.8771639421874999 0.815340609375 0.886318725 0.8151808125000001 0.975158215625 0.8062987484375 0.9940341437500001 0.7651856828125 0.9863917546875 0.7248410390625 0.9391471125 0.6892396484375001 0.9372852984375 0.6892721468749999 0.888405178125 0.69423496875 0.8495763640625 0.741263109375 0.8497056000000001 0.7486670515625 0.8564086312500001 0.7963616
3 0.8105594578125 0.6060549890625 0.8283451796874999 0.5413338515625 0.8068160375 0.5003184484375 0.7219951531250001 0.4859681703125 0.6836667515625 0.51766619375 0.6761520187500001 0.5644718859375 0.676271771875 0.5713325734375 0.7024083015625 0.61343751875 0.7613531234375001 0.6282707953125 0.76472463125 0.6282119453125 0.8105594578125 0.6060549890625
3 0.81100465625 0.4656588109375 0.823112290625 0.41418475624999995 0.78820611875 0.366140534375 0.7383556062500001 0.3562675171875 0.6896044531250001 0.3831518375 0.678499365625 0.430363715625 0.6786019249999999 0.43623931562499996 0.7056032828125 0.4756607296875 0.758916275 0.487666909375 0.767719525 0.48751324843750005 0.81100465625 0.4656588109375
3 0.9437840390625001 0.47480280312499995 0.8746634375 0.4805190453125 0.84262080625 0.52182885625 0.844956340625 0.584771928125 0.8899123531249999 0.6197758328125 0.9121581624999999 0.61938753125 0.94709330625 0.616254490625 0.9870889343749999 0.5736798890625 0.98939889375 0.5248673453125 0.9437840390625001 0.47480280312499995
3 0.8418226671875001 0.45056151250000004 0.8778582265624999 0.48246529374999997 0.8799458671875 0.48242885468749996 0.95835643125 0.46472043281250003 0.9806504125 0.4280656890625 0.97318896875 0.38574973125 0.9322034562500001 0.3486839640625 0.9263071234375 0.348786884375 0.8770233781250001 0.35213331718749996 0.8402900671875001 0.38830991875 0.8411062484375 0.43506891249999996 0.8418226671875001 0.45056151250000004
7 0.05958053906250001 0.163933053125 0.013596201562499998 0.1970891 0.0022260328124999998 0.250581546875 0.036480365625 0.3007928453125 0.08966358906250001 0.310257459375 0.0956024984375 0.3101537953125 0.1463215265625 0.2772164734375 0.1569994828125 0.21758661406250002 0.1234373625 0.1735127234375 0.05958053906250001 0.163933053125
7 0.31336252343750004 0.2630922890625 0.3192219015625 0.20645166406249998 0.2811359640625 0.16055322656249998 0.2049640875 0.16250635156249998 0.166667725 0.20453894374999998 0.167704196875 0.2639183359375 0.203010965625 0.2992251015625 0.2380671375 0.3014161140625 0.2681892609375 0.30089032968749996 0.31336252343750004 0.2630922890625
7 0.31317975468750003 0.1199908984375 0.3122670171875 0.0789389453125 0.279410584375 0.043057551562500004 0.22041459218749998 0.039351375 0.16989996093749998 0.086936321875 0.16968235781250002 0.10865952968749999 0.17017229375 0.13672795625 0.197896515625 0.1661590875 0.19868170937500002 0.16614538125 0.2892610515625 0.155926609375 0.31317975468750003 0.1199908984375
7 0.142774115625 0.1493718671875 0.1548364984375 0.10201683125000001 0.1239969765625 0.054528125000000004 0.072414975 0.043564034375 0.019194935937499998 0.073185328125 0.008943021875 0.1214167953125 0.00906179375 0.12822125 0.0338650578125 0.1591690515625 0.103879634375 0.17405110937499998 0.10979248906250001 0.1739479 0.142774115625 0.1493718671875
0 0.5746961265625 0.26899079531250003 0.5792211046875 0.19365908125 0.5353493874999999 0.1488671375 0.45709264374999997 0.15257248125 0.40743710312500003 0.2049125390625 0.40354835156249996 0.2565116375 0.403701046875 0.265259540625 0.44899479218750005 0.3109901828125 0.5015859171875 0.3155692328125 0.516388984375 0.31531084374999996 0.5746961265625 0.26899079531250003
0 0.4308788625 0.1466335390625 0.532117271875 0.157199765625 0.5385285046875 0.1570878578125 0.57195129375 0.1275508921875 0.5817790828125 0.0795627765625 0.551509209375 0.029602978125000002 0.49268027343750004 0.012553506249999999 0.492556665625 0.0125556640625 0.4264213609375 0.0467126984375 0.4086380328125 0.1004532671875 0.4087251125 0.105442075 0.4308788625 0.1466335390625
8 0.8172049687499999 0.1401159515625 0.816945809375 0.1252686609375 0.8160900015625 0.1043272421875 0.7822932171875 0.06965868593749999 0.7454104796875 0.065121696875 0.69320661875 0.0976922921875 0.685738984375 0.1288875796875 0.68580185 0.1324891890625 0.7691862640625 0.1451000375 0.7926899171875 0.168278834375 0.79643576875 0.16821345000000001 0.8172049687499999 0.1401159515625
8 0.8205538859375 0.159355065625 0.8275771437499999 0.11691920625 0.7916984984375001 0.0743496828125 0.7357695875 0.0744421796875 0.6666662796875 0.1506063515625 0.6574819093750001 0.2110956609375 0.6575868453125 0.21710743125 0.7015403250000001 0.2526949703125 0.7034075515625 0.25266237812500003 0.759784565625 0.243280959375 0.8205538859375 0.159355065625