0 0.24413739687499997 0.2835024515625 0.214426678125 0.3081657703125 0.17486965937500001 0.3892719734375 0.17396118437500002 0.445962384375 0.1892526078125 0.5300233828125 0.2080221859375 0.5736182984375 0.2497470796875 0.6185668484375 0.2937850140625 0.6378536609375 0.3455425453125 0.6305796140625 0.39918735625 0.5882453046875 0.423051140625 0.5329085234375001 0.430648059375 0.46850623437500005 0.4177996515625 0.3873845703125 0.40841485625 0.365587109375 0.340844671875 0.29479565937499996 0.2967364609375 0.278497846875 0.24413739687499997 0.2835024515625
1 0 0.3338824359375 0.042778221875 0.380189553125 0.0887539171875 0.3889663203125 0.104356225 0.386773559375 0.13346025 0.3793873953125 0.18960500625 0.32882829375 0.213133484375 0.275125859375 0.21985656874999998 0.190729790625 0.21834462187499998 0.1799717296875 0.1987682234375 0.1136024953125 0.1701010046875 0.0726739609375 0.1378209796875 0.04762754375 0 0.07692229843750001 0 0.3338824359375
0 0.250184203125 0.885116528125 0.27536780781250003 0.8213625328124999 0.28377861875 0.746602040625 0.2715336203125 0.6594743484375 0.23174667499999999 0.59164251875 0.19483715625 0.565328303125 0.1481405296875 0.5612428781250001 0.07797829843750001 0.6012745749999999 0.0436095703125 0.6691717671874999 0.033463759375 0.773070425 0.0546382375 0.923734671875 0.0787579765625 0.9509163375 0.10485234218749999 0.9663907515625001 0.14339804843749998 0.9682488656249999 0.149419415625 0.9674026171874999 0.1985905734375 0.9482088734375 0.250184203125 0.885116528125
0 0.523736384375 1 0.5256916984375 0.9997251984375 0.5479746249999999 0.97264448125 0.5762492609375001 0.8959694624999999 0.5816813109375001 0.8117441031249999 0.571425903125 0.738773084375 0.560036865625 0.7115196312500001 0.5212403046875 0.66195528125 0.46040980625000005 0.6401439843750001 0.41422720156250004 0.6525928484375 0.36211955156250003 0.6991509046875 0.3302398640625 0.7722126609375 0.31861745625000004 0.8602381515624999 0.3242786015625 0.9299885734375 0.34913966093750004 0.9931741093750001 0.40733054687500003 1 0.523736384375 1
7 1 0.465036590625 0.9851640515625 0.35947333124999997 0.9490567734375001 0.24137175000000002 0.9220812109375001 0.203240759375 0.8591641484375 0.1778158921875 0.7843462703124999 0.1869483125 0.7573966296875 0.2123647734375 0.7330348125 0.2696266046875 0.731806428125 0.3524523859375 0.7615296640625 0.44299243906249997 0.793868084375 0.5086849640625 0.8301825671874999 0.5439607671875 0.8959812265625 0.578810915625 0.9390692046875 0.588189128125 0.950260125 0.586616346875 0.9825659874999999 0.5781049890625 1 0.5675057546875 1 0.465036590625
7 0.389510690625 0.2590400734375 0.4112547359375 0.3486138921875 0.44517545781249995 0.40601666718749996 0.49344881249999994 0.4492127015625 0.5396467828125 0.4597151859375 0.5615007671875001 0.45664380781249997 0.5956443124999999 0.44954085624999995 0.6404136890625 0.41662683593749994 0.6777667093749999 0.3416525828125 0.6842717031250001 0.261831728125 0.6817251703125 0.24371221250000003 0.6648418734375 0.16712381406250001 0.6158515125 0.0973662421875 0.5559314484375 0.0612278296875 0.495945915625 0.0584609140625 0.43204800624999995 0.0897438109375 0.41103654375 0.11680066874999999 0.3875061921875 0.20268159687499998 0.389510690625 0.2590400734375
7 0.5894977203125 0.811225621875 0.59015451875 0.8158989812499999 0.614578928125 0.8939173671875 0.6629129781249999 0.9606019953124999 0.724266128125 0.9654622859374999 0.7615425390625 0.9665785234375001 0.80746334375 0.9601247765625001 0.8137852578125001 0.9553495828124999 0.8633175062499999 0.88721426875 0.8892428765625 0.8030375624999999 0.8932288843749999 0.7269799859375 0.8914143578125 0.71406895625 0.8749503234375 0.6279279078125 0.8400974703124999 0.5652396265624999 0.77567356875 0.52567525625 0.7052854890625 0.5252762 0.664901003125 0.549478321875 0.6134183109375 0.617511415625 0.591909653125 0.6920501234375 0.5894977203125 0.811225621875
7 0.6005204749999999 0 0.5579223484375 0.01808183125 0.5476404109375 0.0813353390625 0.5517467375 0.1010065171875 0.6013119812500001 0.11030412187500001 0.666536625 0.16649023125 0.6891321640625 0.19972741249999998 0.7348236890625001 0.3123678359375 0.7352897765625 0.31230233125 0.7782342296875 0.30466724375 0.7736208828125 0.238813821875 0.785441796875 0.1891832015625 0.8106154374999999 0.15351438281250002 0.8519680296875001 0.12346962343750001 0.8080642109375 0.0350346265625 0.776281703125 0 0.6005204749999999 0
7 0.4674225609375 0 0.3641927 0.0145080109375 0.246271034375 0.046105025 0.241793778125 0.055807720312499996 0.2381270546875 0.0874010875 0.2477727671875 0.146038265625 0.26562910781250004 0.2126790296875 0.29602713281250004 0.265755640625 0.3165537 0.28576462187499996 0.35561384375 0.2957057375 0.4123067234375 0.3371825171875 0.4159583640625 0.3366693125 0.41963802968749997 0.3346704296875 0.39649391093749997 0.25584168906250004 0.3913652234375 0.16878451562500002 0.4086496828125 0.1012308203125 0.43288275 0.0709291359375 0.4973982046875 0.04003744375 0.497295140625 0.0316728921875 0.49669689687499996 0.027416168749999997 0.4765717359375 0 0.4674225609375 0
1 0.3760762375 0.6127987203124999 0.3252605359375 0.6370316984375 0.31779342499999996 0.652525378125 0.3214571203125 0.671992028125 0.33596529375 0.6921588390625 0.3864360171875 0.641573134375 0.43896972031250003 0.63697703125 0.4709598078125 0.6440718515625 0.52195144375 0.6890786125 0.528618203125 0.68684641875 0.5584866609375 0.6248717203124999 0.5663798265625 0.5582238796875 0.5634748984375 0.5250203859375 0.5610682578125 0.50789625625 0.5456309515625 0.48913510625 0.497216321875 0.4735836578125 0.43895593593750004 0.41272350468749996 0.4342348703125 0.41478547812500005 0.4352698078125 0.4938436609375 0.42537230312499996 0.5375818078125 0.40794903437499996 0.5737337124999999 0.3760762375 0.6127987203124999
8 0.856651165625 0.576802584375 0.8551040515624999 0.5849277374999999 0.8580840999999999 0.598309475 0.8654192265624999 0.6054090703125 0.8642733671875 0.6217956296875 0.8687434375 0.641868225 0.8705776249999999 0.6716365125 0.8748756109375 0.6801704015625 0.8779127484375 0.6787361078124999 0.908169125 0.6380384640625001 0.910805009375 0.628342771875 0.9032978 0.6097044640625 0.8888567203125 0.592227965625 0.8759056671875 0.5814423265625 0.8659346593749999 0.5840384249999999 0.856651165625 0.576802584375
8 0.6462963578124999 0.43327641562499997 0.6172538703125 0.46826799062499996 0.5734907312499999 0.4935991125 0.5724146859375 0.515995290625 0.5832826375 0.564101346875 0.606984671875 0.6223733515625 0.6164928015625 0.62563500625 0.6183808140625 0.6253696640624999 0.6329581171875 0.5797011109375 0.6621865765625 0.5378572890625 0.7284026296875 0.513312334375 0.78153291875 0.5160272328125 0.7813095890625 0.5144381546875 0.769468671875 0.4665960453125 0.741993490625 0.409335046875 0.7161124953125 0.32783844218749997 0.7027602796875 0.31951192968750003 0.6734253984375 0.33077339375000003 0.6639527546874999 0.352018225 0.660950359375 0.39363720468749996 0.6462963578124999 0.43327641562499997
7 0 0.532628009375 0.001357615625 0.5422879468749999 0.0051841578125000004 0.5647138625 0.0244755890625 0.599904359375 0.031364690625000004 0.5985012796875 0.06845006875000001 0.571854134375 0.10392886875 0.56323113125 0.1389490484375 0.5677413765625 0.1772407171875 0.59743009375 0.179986628125 0.59704418125 0.1820076703125 0.5938998921875001 0.17270383125 0.5245413453125 0.1802964984375 0.4144614203125 0.17945935156249998 0.4085048171875 0.1759128015625 0.404666334375 0.132396946875 0.4195833125 0.07992400937500001 0.4111762828125 0.05133291718750001 0.3904539609375 0.021592478125 0.34668028125 0.0137847390625 0.3464076296875 0.0065516687500000005 0.357660653125 0 0.39022029687500004 0 0.532628009375