0 0.7862494453125 0.42580490312499997 0.748742578125 0.3947197484375 0.700120309375 0.3871152265625 0.699238509375 0.38713061875 0.634240484375 0.41376051562500005 0.5960482593750001 0.460375896875 0.5709939546875 0.5201893546874999 0.5625058578125001 0.5893193484375 0.5629965203125 0.617429371875 0.5639975265625 0.62524986875 0.6094373890625 0.7119238453125 0.6473446359375 0.7397481781249999 0.6992855578125 0.7494357109374999 0.7346434640624999 0.73391719375 0.7950240109375 0.666856296875 0.8115232875 0.6126123859375 0.819994578125 0.5275928796875 0.8139684875000001 0.48051316093749996 0.7862494453125 0.42580490312499997
1 1 0.7950786390625 0.984698715625 0.7373312359375 0.9173251312499999 0.6669064984374999 0.87245059375 0.6591490796875 0.86331125 0.6593086078125 0.8266709140625 0.6692911546875 0.7714170859375 0.72082241875 0.748829428125 0.7749272984375 0.743759621875 0.8565408421875 0.7439218296875 0.86583375625 0.7660114734375 0.93617535625 0.7953886265625 0.9765973453125 0.819315725 0.9945024874999999 0.8596239421874999 0.9937989046875 0.9879584453125 0.9641705515625001 1 0.9369392953125001 1 0.7950786390625
0 0.8135762359375001 0.084062903125 0.771845865625 0.12075357812500001 0.7449425656249999 0.19768705 0.7438811203125 0.2367971109375 0.7444966703125 0.27206194687499996 0.7616035390625 0.3428758953125 0.798989953125 0.41448721875 0.8626421984375 0.4671564078125 0.906325790625 0.47925987968749995 0.9516035640625 0.4671277390625 0.9985361453125 0.41177242031250005 0.99595695625 0.26401072812500004 0.964635440625 0.1422217328125 0.921363565625 0.09769646875 0.8835256640625 0.0772242328125 0.86265895625 0.0732932390625 0.8474243250000001 0.0735591609375 0.8135762359375001 0.084062903125
0 0.6904617359375 0.0148992390625 0.566258803125 0.00033002187500000003 0.5198405968750001 0.0011402546875000001 0.4916267703125 0.035428865625 0.463352134375 0.11210388593750001 0.4585782921875 0.18612358125 0.45890989531250004 0.20512107031250001 0.46740566875 0.2674581125 0.47956452968749996 0.2965537171875 0.518361090625 0.34611806562499997 0.579191590625 0.3679293640625 0.6253741921875 0.3554805 0.67748184375 0.3089224421875 0.7093615343749999 0.2358606875 0.7209839375 0.147835196875 0.71532279375 0.078084775 0.6904617359375 0.0148992390625
7 0 0.5043634171875 0.001313346875 0.579604990625 0.0111918140625 0.6925163921874999 0.0296500171875 0.735422665625 0.0859060640625 0.773373128125 0.160987728125 0.7799957859375 0.192632834375 0.7607378828125 0.22836769218750003 0.709792465625 0.24678968281250002 0.6290320203124999 0.2365403046875 0.534290678125 0.21856680156250002 0.4633101578125 0.190380128125 0.4212550109375 0.13326508125 0.37348610937500004 0.09040119375 0.3541511671875 0.048425634375 0.356174625 0.017037537499999998 0.367165384375 0 0.3837621484375 0 0.5043634171875
7 0.3688317234375 0.54609198125 0.3252383015625 0.5805483765624999 0.2905245984375 0.6567805609375 0.2880200828125 0.7107084140625 0.288702603125 0.749809915625 0.309532528125 0.8307519421875 0.36092754843749997 0.8987572796875 0.4220723234375 0.932782496875 0.47291130625 0.9333512640625001 0.482628765625 0.9331816453125 0.5448851078125 0.8999604171875 0.5649395 0.872186753125 0.5854583156250001 0.7855369453125001 0.58148815625 0.729282753125 0.556631275 0.640522359375 0.5207278890625 0.58433836875 0.47097642031250003 0.5428533640625 0.425240796875 0.534122425 0.4171648015625 0.5342633921875 0.3688317234375 0.54609198125
7 0.1323858875 0.21017614999999998 0.1486071390625 0.2864911421875 0.191341075 0.37481035937499996 0.24123126562500002 0.426342009375 0.31369998906249996 0.44788412343750006 0.381792934375 0.4300518078125 0.414537384375 0.396222078125 0.4466575875 0.317182453125 0.44814131875 0.239616740625 0.4190473828125 0.12152856875 0.3739973921875 0.050495196875 0.315655621875 0.0031415796875 0.28228431875000004 0.0037240765625 0.2495305046875 0.0097772484375 0.178230359375 0.0266119125 0.165679025 0.042714626562500004 0.135469265625 0.12134817499999999 0.13232111562499999 0.20646543906249998 0.1323858875 0.21017614999999998
7 0.3264489078125 1 0.3530646890625 0.9696320765625 0.360006465625 0.9507739515625 0.322899734375 0.9166235578125 0.2973602 0.8344112406249999 0.2958111203125 0.7942507 0.31675584843750004 0.6744961703125 0.27724824375 0.6585992093749999 0.27554475156249997 0.6586289437499999 0.2448732625 0.7163313437500001 0.2085483375 0.7521563687499999 0.16829828593750001 0.769065246875 0.117308 0.772631109375 0.109257134375 0.854773246875 0.10973819375 0.8823330828125 0.116622240625 0.920541340625 0.160357715625 0.9939936843750001 0.19828010000000001 1 0.3264489078125 1
7 0.5024234234375 1 0.5857613078125 0.9985453312500001 0.712871321875 0.9644863062500001 0.717348578125 0.9547836125 0.7210153015625 0.92319024375 0.7113695875 0.8645530656249999 0.6935132484375 0.7979123015625 0.6631152234375 0.7448356890625 0.64258865625 0.7248267109375 0.6035285125 0.7148855937499999 0.5458178015625 0.6726641671875 0.545488959375 0.67266990625 0.5395043265624999 0.675920903125 0.5626484453125 0.7547496421875 0.5677771328125 0.8418068140624999 0.550492675 0.909360509375 0.52625960625 0.9396621968750001 0.46174415468749996 0.9705538875 0.4618903484375 0.9824189437499999 0.4747959296875 1 0.5024234234375 1
1 0.6207460015625 0.38618474062499997 0.667145203125 0.3543007828125 0.6720966374999999 0.3378297421875 0.66543279375 0.3191758890625 0.6484824625 0.302065978125 0.6475459109374999 0.302082325 0.6060124578125 0.3593852125 0.55484451875 0.3721428140625 0.522138409375 0.37013969375 0.4647339578125 0.333663890625 0.45849846875000005 0.3369115125 0.43890681562499995 0.402083459375 0.43910093593750005 0.413204621875 0.44132275 0.4698577140625 0.4532445921875 0.51767360625 0.47262403906249995 0.53485005 0.5228753859374999 0.5426363171874999 0.589939115625 0.59363325 0.59427949375 0.5908581265625 0.5808898734375 0.5129351796875 0.5838233671874999 0.4681872109375 0.5953767234375 0.429754796875 0.6207460015625 0.38618474062499997
8 0.155183340625 0.3324686171875 0.1500154703125 0.3125642515625 0.147143503125 0.2828781109375 0.14279719062500001 0.27494977187499997 0.1416377296875 0.2749700109375 0.1395650734375 0.27603883125 0.11074745781249999 0.3177676171875 0.10936304999999999 0.323665925 0.109470915625 0.329845521875 0.11660465625000001 0.34591435000000004 0.131646859375 0.362876215625 0.1449664359375 0.3732033 0.1548407671875 0.3702608 0.16349848125 0.376535759375 0.1644714515625 0.37651877499999997 0.165633740625 0.3689940453125 0.1621884921875 0.3557244625 0.1546100625 0.3488851828125 0.155183340625 0.3324686171875
8 0.42739284843750003 0.5001310984375 0.4319591796875 0.4781789890625 0.428750475 0.428965071875 0.414456003125 0.3677026796875 0.404791378125 0.3625781890625 0.4038529640625 0.36259457031250003 0.38212692656249997 0.4057864125 0.3467125 0.442542728125 0.27747200156249996 0.4564270203125 0.22556894375 0.44546548125 0.22564850625 0.450023575 0.2296035109375 0.49614401093750005 0.247782834375 0.556998096875 0.260596315625 0.6415400203125 0.2724815890625 0.6518527671875 0.30321698750000003 0.6453189375 0.31589643125 0.6258175125000001 0.3253725046875 0.5851806109375 0.34604703125 0.548321815625 0.3802058453125 0.5183042921875 0.42739284843750003 0.5001310984375
7 1 0.5430818578125 0.9937052312500001 0.48936063281250003 0.976281965625 0.4532087265625 0.9693288734375001 0.45424933906250003 0.930899715625 0.478919065625 0.8950182453125001 0.48567343437500005 0.860282109375 0.4793365546875 0.8219995656249999 0.44630649062499994 0.8186515265625 0.4509603765625 0.82431266875 0.5207107921875 0.8116045 0.6250280890625 0.8118066890625 0.6366114640625 0.814834321875 0.640253575 0.8590712343750001 0.6276344843749999 0.911032271875 0.6387762140625 0.9384996593749999 0.6609664796875 0.9659084015625 0.7062366609375 0.9736911718749999 0.706917565625 0.9815032671875 0.6960585125 0.99638574375 0.6379990125 1 0.5966878640625 1 0.5430818578125