0 0.2802734359375 0.249683884375 0.2470703125 0.269395775 0.1953125015625 0.343315346875 0.1855468765625 0.3991656875 0.1875 0.4845838609375 0.1992187484375 0.530578259375 0.2333984359375 0.5815006296874999 0.2744140625 0.6077831437500001 0.3242187484375 0.6094258031249999 0.3857421890625 0.57493000625 0.4179687484375 0.5240076296875 0.4355468765625 0.461586659375 0.4355468765625 0.379453803125 0.4296874984375 0.35645660156250003 0.3740234359375 0.2759664046875 0.3330078109375 0.25296920156249997 0.2802734359375 0.249683884375
1 0.023437498437500003 0.0443517453125 0 0.1067727171875 0.0039062515625 0.228329346875 0.0537109375 0.3121048609375 0.1005859375 0.3318167453125 0.1425781234375 0.33017408593750003 0.2080078109375 0.292392971875 0.2421874984375 0.24475591406250002 0.2675781234375 0.1593377453125 0.2617187484375 0.0837755140625 0.2421874984375 0.037781115625 0.2158203125 0.0065706296875 0.0517578109375 0.0065706296875 0.023437498437500003 0.0443517453125
0 0.0966796875 0.512509028125 0.0302734359375 0.5585034328125 0.0019531234375000002 0.6291376875 0 0.82297123125 0.0302734359375 0.87717891875 0.0615234359375 0.9067467515625 0.08886718906249999 0.9198880062500001 0.130859375 0.9182453468749999 0.1806640625 0.8936054906249999 0.2265625015625 0.8262565484375 0.2460937484375 0.760550259375 0.2480468765625 0.6817027171875 0.2304687484375 0.6028551734375001 0.1826171890625 0.5355062312500001 0.1435546875 0.512509028125 0.0966796875 0.512509028125
0 0.3544921890625 0.64720691875 0.306640625 0.6981292890625 0.28125 0.7736915203125 0.2773437484375 0.8623950062500001 0.2890625015625 0.93138660625 0.3193359375 0.99216491875 0.4863281234375 0.9970928906250001 0.515625 0.954383803125 0.537109375 0.875536259375 0.5351562515625 0.7901180921875001 0.5195312515625 0.721126490625 0.5048828109375 0.6932013171875 0.4619140625 0.64720691875 0.3994140625 0.6307803468750001 0.3544921890625 0.64720691875
7 1 0.32360345625 0.9853515640625 0.2792517171875 0.9326171890625 0.2365426296875 0.8583984359375 0.22340137499999999 0.8251953125 0.23982794218749998 0.7851562515625 0.28746499999999997 0.759765625 0.36631254375 0.7617187484375 0.461586659375 0.7734374984375 0.533863571875 0.7978515640625 0.5782153171875 0.8505859375 0.6307803468750001 0.8916015640625 0.6537775484374999 0.9335937484375 0.6554202015625 0.9658203125 0.64720691875 1 0.6192817453125 1 0.32360345625
7 0.4951171890625 0.08213285625 0.4697265640625 0.1051300578125 0.431640625 0.18562025937499999 0.4238281234375 0.24147060156250003 0.4296874984375 0.3334594046875 0.453125 0.395880375 0.4931640625 0.44680274531249997 0.5400390625 0.4665146296875 0.59375 0.46487197656249996 0.6435546875 0.44023211562500003 0.693359375 0.3728831734375 0.7148437484375 0.2907503171875 0.7109374984375 0.1987615140625 0.6748046875 0.1215566296875 0.6220703125 0.07556223125 0.5634765640625 0.062420971874999995 0.4951171890625 0.08213285625
7 0.7275390625 0.555218115625 0.6572265640625 0.5585034328125 0.6181640625 0.5847859484375 0.5703125015625 0.6554202015625 0.552734375 0.7309824328125 0.556640625 0.8525390640625 0.5859374984375 0.93138660625 0.6376953125 0.9954502375000001 0.6992187484375 0.9970928906250001 0.7724609375 0.9954502375000001 0.7880859375 0.9823089765624999 0.833984375 0.911674721875 0.8554687484375 0.8262565484375 0.8554687484375 0.7474090062500001 0.8320312515625 0.652134890625 0.7939453125 0.591356578125 0.7275390625 0.555218115625
7 0.6669921890625 0 0.6328125015625 0.054207687500000004 0.6289062515625 0.073919571875 0.6708984359375 0.10184474531250001 0.708984375 0.1790496296875 0.7167968765625 0.21847339843750002 0.7148437484375 0.340030028125 0.7578125015625 0.349885971875 0.7792968765625 0.28746499999999997 0.8095703125 0.246398571875 0.8466796875 0.22340137499999999 0.896484375 0.211902775 0.890625 0.113343340625 0.8740234359375 0.0657062890625 0.8193359375 0 0.6669921890625 0
7 0.3310546875 0 0.3242187484375 0.0082132828125 0.3125 0.037781115625 0.306640625 0.096916775 0.306640625 0.1659083703125 0.322265625 0.225044028125 0.3369140625 0.249683884375 0.3720703125 0.269395775 0.4169921890625 0.325246115625 0.4238281234375 0.32360345625 0.421875 0.24147060156250003 0.4394531234375 0.156052428125 0.4736328109375 0.095274115625 0.5048828109375 0.0722769140625 0.5751953125 0.059135659375 0.578125 0.0476370578125 0.5595703125 0 0.3310546875 0
1 0.4335937484375 0.4845838609375 0.4199218765625 0.5272929484375 0.3994140625 0.5617887453125 0.3642578109375 0.5979272015625 0.3115234359375 0.6176390859375 0.302734375 0.63242300625 0.3046874984375 0.652134890625 0.3173828109375 0.6734894328125 0.3720703125 0.627495034375 0.4248046875 0.627495034375 0.4560546875 0.6373509765625001 0.5029296875 0.6866306875 0.509765625 0.684988034375 0.5449218765625 0.625852375 0.5585937484375 0.5601460859375 0.5585937484375 0.510866375 0.5439453125 0.4895118328125 0.4970703125 0.4697999484375 0.4443359375 0.40409365937499997 0.4394531234375 0.40573631718750003 0.4335937484375 0.4845838609375
8 0.8300781234375 0.6389936296875 0.833984375 0.652134890625 0.8417968765625 0.6587055203125 0.8417968765625 0.6751320921875 0.8476562515625 0.6948439765625001 0.8515625015625 0.724411803125 0.8564453125 0.7326250921875 0.859375 0.7309824328125 0.8867187484375 0.688273346875 0.8886718765625 0.6784174046875 0.8798828109375 0.6603481734375001 0.8642578109375 0.64392160625 0.8505859375 0.634065659375 0.8408203125 0.6373509765625001 0.8310546875 0.6307803468750001 0.8300781234375 0.6389936296875
8 0.7431640625 0.358099259375 0.7119140625 0.361384571875 0.697265625 0.379453803125 0.6835937484375 0.41887757187499997 0.6591796875 0.45337337499999997 0.6220703125 0.47965589062499997 0.5732421890625 0.49279714375 0.5664062515625 0.5141516875 0.5644531234375 0.5634314046875 0.572265625 0.625852375 0.5820312515625 0.63242300625 0.6083984359375 0.591356578125 0.6474609375 0.5585034328125 0.7177734359375 0.5519328031249999 0.7685546875 0.568359375 0.7695312515625 0.51743700625 0.7578125015625 0.455016028125 0.7539062515625 0.3695978609375 0.7431640625 0.358099259375
7 0 0.43530414375 0.015625 0.510866375 0.036132810937499996 0.5453621734375 0.042968748437499996 0.5437195203125 0.07910156406249999 0.515794346875 0.11425781093750001 0.5059384046875001 0.1494140625 0.5092237171875 0.1904296875 0.5387915484375 0.193359375 0.533863571875 0.181640625 0.46487197656249996 0.1855468765625 0.349885971875 0.1806640625 0.344958 0.1376953125 0.361384571875 0.0849609375 0.3548139421875 0.0556640625 0.3351020578125 0.0244140625 0.292392971875 0.016601564062499997 0.292392971875 0.009765625 0.30389157187500004 0 0.36302723124999997 0 0.43530414375