6 0.636134328125 0 0 0.2211489953125 0 0.44694278125000003 0.069097040625 0.6406798874999999 0.9788970890625001 0.327410609375 0.96111810625 0.2151585328125 0.8887778281250001 0 0.636134328125 0
11 0.6445164609375 0.5534551171875 0.6453778953125 0.5588940015625 0.72206898125 0.6015850703125001 0.8463137265625 0.5809189124999999 0.9157351921875 0.5079381640625 0.9155029609374999 0.5064719125 0.8894113750000001 0.4336607703125 0.8294414484375 0.41242716718750005 0.724808259375 0.42484445156249995 0.722068203125 0.4252784328125 0.6456668109375 0.48191563750000005 0.6445164609375 0.5534551171875
4 0.35936064375 0.5409414109374999 0.385888428125 0.6078338296875 0.49249520156250004 0.6301009390625001 0.5852170671875 0.5944182265625 0.629532875 0.5300877390625 0.6041360046875 0.46959296406249995 0.5032235125 0.44728421249999994 0.49540393125 0.4485227125 0.40440129062499997 0.4810981265625 0.3591134171875 0.5393804828125 0.35936064375 0.5409414109374999
9 0.423735778125 0.7769025453125 0.516139140625 0.7956943171875 0.6144259734374999 0.751523121875 0.648588725 0.6953481375 0.6218067734375 0.6364029437500001 0.54997699375 0.620855446875 0.45947105 0.6499534734375 0.40455212500000004 0.7163989015625 0.40595708437500005 0.7252694703125 0.423735778125 0.7769025453125
3 0.7582780859375 0.79674160625 0.8784101546875 0.759252525 0.9335098109375 0.6820399046875 0.9099203890625001 0.6261931140625 0.82437395625 0.5989120046874999 0.8188611234375 0.5997851515625 0.737616615625 0.623434684375 0.66874705625 0.6864646671875 0.681673296875 0.768077740625 0.7582780859375 0.79674160625
8 0.472455440625 0.8954183625000001 0.5516636546875 0.9458300578125 0.6437546015625 0.9496175546875 0.7240763453125 0.90405291875 0.7186164046875 0.83867090625 0.630206821875 0.7851913078125 0.536576975 0.7868724765625 0.5338611484375 0.787302621875 0.46653366093750004 0.8318147734375 0.47189837968750004 0.89190121875 0.472455440625 0.8954183625000001
1 0.7405756484375 0.880279134375 0.798713934375 0.9228505312499999 0.8905165015625001 0.9289216296875 0.9505127546875001 0.89397861875 0.9354302375 0.8201174015625 0.88105144375 0.7908525546875 0.8160660999999999 0.786901096875 0.8014278609375 0.7892195671875 0.7450353640625 0.815223521875 0.739782084375 0.875268771875 0.7405756484375 0.880279134375
5 1 0.867197796875 0.15454636093750002 0.841052275 0.1411539171875 0.8431734296875 0.07191539999999999 0.86521269375 0.0710546515625 0.9679958531249999 0.0713432515625 0.9698179953125001 0.5685200453125 0.995380053125 1 0.9270403421875001 1 0.867197796875
2 0.6657901328125 0.714201890625 0.6175563953125 0.7527996734375 0.6176510296875 0.7533971703125 0.7102894203125001 0.8207941375000001 0.768838259375 0.8210562203125 0.666140709375 0.7141463640625 0.6657901328125 0.714201890625
2 1 0.6444067609374999 0.9573818578125 0.6427066703125 0.9569624203125 0.6427731015625 0.8579694765625 0.7624886921875 0.858163178125 0.7637116749999999 1 0.77763190625 1 0.6444067609374999
2 0.5131824968750001 0.7437866140625 0.3734877578125 0.7146207125 0.366579815625 0.715714821875 0.051180846875 0.8525057921875 0.0511926609375 0.8525803890624999 0.11269146875 0.9761636843750001 0.4625983234375 0.8232063140625 0.5131824968750001 0.7437866140625
10 0.62425579375 0.559418653125 0.555665346875 0.6417047984375001 0.5558475656249999 0.6428552765625 0.6675890703125 0.671867365625 0.75521368125 0.5859084125 0.627362578125 0.5589265875 0.62425579375 0.559418653125
10 1 0.48980817187500003 0.9845099578125 0.41693325468750003 0.9289917109375001 0.42572648125 0.901220075 0.43062836718749997 0.8218825265625 0.6045621156250001 0.82223445625 0.606784115625 0.9300810625 0.64014374375 1 0.6216634484375 1 0.48980817187500003
10 0.46769115 0.6009190656250001 0.33288821875 0.5106481390625001 0.331171884375 0.5109199796875 0.0123592421875 0.607395828125 0.01941084375 0.6519178921875 0.07120309531249999 0.8089382125 0.40371158906250004 0.7062589828125 0.46769115 0.6009190656250001