6 1 0.6066756375 0.913480675 0.3612150265625 0.013072549999999999 0.6712504078125 0.0239467546875 0.7955431359375 0.0918457421875 1 0.3473339765625 1 1 0.7774298765625 1 0.6066756375
11 0.7302557109375 0.5174984796875 0.7706297125 0.5139662125 0.8391768515625 0.5064807375 0.8928332328125 0.4723010515625 0.9020314671874999 0.3941760515625 0.8177142999999999 0.3385119875 0.7085979453125 0.3452932859375 0.691489878125 0.346790046875 0.6266133328125 0.405416790625 0.6269665203125 0.40945375781250004 0.6444808421875 0.48011355 0.7302557109375 0.5174984796875
4 0.6095076265625 0.499214859375 0.617246046875 0.4340632234375 0.556915071875 0.3844398828125 0.45794960468749996 0.37569706875 0.361610246875 0.42648639531250004 0.355070878125 0.49279884375 0.3557354453125 0.500394878125 0.41433904374999997 0.5432097375 0.5095263578125 0.54935754375 0.5184678953125 0.5485752609375 0.6095076265625 0.499214859375
9 0.5969160140625 0.274507671875 0.5501780828125 0.22826604218750002 0.444124809375 0.20918465625 0.3590123625 0.24977262968749997 0.35425294375 0.3041730359375 0.3550357015625 0.3131200015625 0.42439790468750005 0.36430562499999997 0.5192548859375 0.370643946875 0.5851897328125 0.33818108125 0.5969160140625 0.274507671875
3 0.6755507875 0.15125030625 0.609102596875 0.20044589531249998 0.61880968125 0.281398346875 0.70345956875 0.32353868750000003 0.774711034375 0.3238244546875 0.79538935 0.3220153359375 0.868328259375 0.27339375625 0.8756104046875001 0.2132082515625 0.801362534375 0.1541742390625 0.6755507875 0.15125030625
8 0.5573451 0.1917802125 0.63019065625 0.118500971875 0.6196710734375 0.0537402046875 0.5307121453125 0.028960621875 0.4422729703125 0.05491443124999999 0.377613271875 0.1229908859375 0.3779236328125 0.12653831875 0.3872544953125 0.186137784375 0.46335053281249994 0.21303974062500003 0.46608974999999997 0.212800090625 0.5573451 0.1917802125
1 0.8349932484375 0.11248425625 0.855191321875 0.0398550640625 0.79777871875 0.0008120453125 0.7057762796875 0.0004645328125 0.6435959234374999 0.039641631249999996 0.64446780625 0.0895917390625 0.645786984375 0.10467001093749999 0.705096734375 0.137215965625 0.76775703125 0.1377851 0.78161205 0.1365729421875 0.8349932484375 0.11248425625
5 0.4784294328125 0 0.4534302125 0.0021871484375 0 0.0816760359375 0 0.19514486250000002 0.058347965625 0.206124225 0.0596164953125 0.20601324375000002 0.9587779859375001 0.0672768703125 0.9490117109374999 0 0.4784294328125 0
2 0.701464178125 0.1455006359375 0.6431874484375 0.1416875890625 0.5461157015625 0.202431746875 0.54618996875 0.20328062187499998 0.5906405515625 0.24425195624999999 0.5927308109375 0.2440690828125 0.7014758062500001 0.1456335390625 0.701464178125 0.1455006359375
2 0.905426284375 0.2527865484375 0.9789972046875001 0.23810647187499998 0.9778208718749999 0.2246609328125 0.9525955203124999 0.10598499531250001 0.95246695 0.10599624375000001 0.787684875 0.148934746875 0.7878384625 0.1506902609375 0.9037580406249999 0.2529325015625 0.905426284375 0.2527865484375
2 0 0.29659943125 0.3320879953125 0.31078949218749996 0.3332142859375 0.31069095468749997 0.455507075 0.2318998203125 0.37982120625000004 0.1758828875 0 0.158556009375 0 0.29659943125
10 0.6082382875000001 0.294550609375 0.5214601515624999 0.368809446875 0.5216589375 0.3710815765625 0.6180701390625 0.4143837140625 0.621042990625 0.41412362343750003 0.7246766906250001 0.333397903125 0.6082382875000001 0.294550609375
10 0.9891774671875 0.355660434375 0.9487302765625 0.23819325937500002 0.8529219640625 0.2660185421875 0.7771110140624999 0.3507731453125 0.777158928125 0.35132081249999997 0.9358406875 0.4603004125 0.9367477781250001 0.4602210515625 0.9963255359375 0.4373632234375 0.9891774671875 0.355660434375
10 0 0.49867032031249997 0.323243840625 0.53742271875 0.327287996875 0.5370689015625 0.44381155312500004 0.425294478125 0.3625119015625 0.33266485 0.019237264062500002 0.2895378609375 0.017161878125 0.289719434375 0 0.4080124359375 0 0.49867032031249997