6 0.0107312734375 0.5097656265625 0.0076651953125 0.9316406265625 0.9964756484375 0.9287109359375 0.991876525 0.5097656265625 0.0107312734375 0.5097656265625
11 0.09198236875 0.4169921890625 0.10118060312499999 0.4951171890625 0.1548369828125 0.529296875 0.2621497484375 0.5410156265625 0.34953299375 0.5029296875 0.36792946875 0.4287109359375 0.3020087703125 0.3691406265625 0.1762995359375 0.361328125 0.09198236875 0.4169921890625
4 0.3771277046875 0.4423828109375 0.389392021875 0.5068359359375 0.48597350781250004 0.5507812484375 0.5871541125 0.5371093734375 0.6438765703125 0.4892578109375 0.6316122562500001 0.4169921890625 0.5319646921875 0.373046875 0.4338501671875 0.388671875 0.3771277046875 0.4423828109375
9 0.38632594375 0.2626953125 0.3924581 0.3271484375 0.45531272031250003 0.3652343734375 0.5503611625 0.3671875015625 0.6254801 0.3212890640625 0.6254801 0.2587890640625 0.5442290062499999 0.2109375015625 0.4369162453125 0.220703125 0.38632594375 0.2626953125
3 0.10424668125 0.2255859359375 0.107312759375 0.2861328109375 0.1793656140625 0.341796875 0.2682819046875 0.3476562484375 0.3556651515625 0.3115234375 0.370995546875 0.2314453125 0.3081409328125 0.1777343734375 0.1824316921875 0.171875 0.10424668125 0.2255859359375
8 0.331136525 0.09863281093750001 0.3434008375 0.1630859359375 0.4369162453125 0.2070312484375 0.5319646921875 0.1953124984375 0.5948193078124999 0.1435546875 0.58255499375 0.0810546875 0.498237821875 0.039062498437499996 0.4062554578125 0.044921875 0.331136525 0.09863281093750001
1 0.107312759375 0.0654296875 0.12877531250000002 0.1376953125 0.1854977765625 0.1621093734375 0.2590836703125 0.1601562484375 0.31887220625 0.1259765625 0.31887220625 0.0615234375 0.2560175859375 0.023437501562499997 0.16403522343750002 0.0253906265625 0.107312759375 0.0654296875
5 0.9964756484375 0.10449218906249999 0.991876525 0 0.0061321562500000005 0.0009765625 0.0107312734375 0.1523437515625 0.9213567156250001 0.1328124984375 0.9964756484375 0.10449218906249999
2 0.2713479828125 0.1601562484375 0.3847929046875 0.2558593734375 0.42925104999999997 0.2119140640625 0.3296034796875 0.154296875 0.2713479828125 0.1601562484375
2 0.0061321562500000005 0.1572265625 0.0061321562500000005 0.2919921890625 0.0843171671875 0.2910156265625 0.177832575 0.1650390640625 0.0061321562500000005 0.1572265625
2 0.9903434859375 0.2763671890625 0.9796122125 0.138671875 0.5978853859375 0.1494140640625 0.5212334140625 0.2041015625 0.64234353125 0.2851562484375 0.9903434859375 0.2763671890625
10 0.2621497484375 0.3515624984375 0.3725285859375 0.4257812484375 0.469110071875 0.3740234375 0.37559466406249997 0.3046875015625 0.2621497484375 0.3515624984375
10 0.20236120624999998 0.3505859359375 0.10271364218750001 0.294921875 0.0030660781250000002 0.2998046875 0.0030660781250000002 0.5029296875 0.0873832515625 0.5058593734375 0.20236120624999998 0.3505859359375
10 0.9934095640624999 0.5009765625 0.9888104468750001 0.2910156265625 0.6408104921875 0.2919921890625 0.5488281234375 0.3740234375 0.6515417703125 0.5 0.9934095640624999 0.5009765625